1.600000000000000000e+02
1.604278117831608768e+02
1.609226326031109693e+02
1.612880614256120282e+02
1.616759409357350421e+02
1.621350355182051430e+02
1.625614677548680334e+02
1.629955449141990584e+02
1.634592890603046555e+02
1.639240658432849500e+02
1.647307956549656183e+02
1.653535230756480985e+02
1.659810745682717368e+02
1.665948396034884809e+02
1.672424953754505168e+02
1.679695325723946553e+02
1.686389312431306848e+02
1.693272030762148859e+02
1.700715068246359465e+02
1.706021001683595273e+02
1.711299916980693183e+02
1.715925359957973058e+02
1.720215283519931120e+02
1.724364945523316806e+02
1.728095475495416338e+02
1.733215662158401358e+02
1.737161432363134566e+02
1.742057194445098105e+02
1.745975223661092741e+02
1.750061904087082212e+02
1.753558280168898307e+02
1.757964077429394933e+02
1.764019525093289928e+02
1.767176992719136024e+02
1.771066875546231074e+02
1.774310271214430372e+02
1.779224860781015138e+02
1.785089303545001655e+02
1.789314293158380451e+02
1.793051948502606763e+02
1.797676809809759959e+02
1.801716875153438195e+02
1.806216581090304487e+02
1.811803085760567171e+02
1.816356985010703227e+02
1.821135052129231440e+02
1.825666891532780198e+02
1.830322204556441079e+02
1.835282527290391386e+02
1.840729869393377101e+02
1.845768164611414193e+02
1.849518398040054876e+02
1.854955064469480419e+02
1.859485555827435519e+02
1.863985721270477143e+02
1.868900540457121338e+02
1.874927790705650068e+02
1.880551768082389970e+02
1.886569010737339340e+02
1.891312759939146417e+02
1.896327751825992323e+02
1.901732927578373165e+02
1.905729793344032714e+02
1.911825468998600002e+02
