1.600000000000000000e+02
1.603567420397342289e+02
1.607203743887524183e+02
1.609940283156306862e+02
1.613096637102838997e+02
1.616865614534208646e+02
1.621684645544373780e+02
1.624970376782909227e+02
1.628217451645480764e+02
1.632045541201279946e+02
1.637588183677990230e+02
1.646562001333248020e+02
1.652728518982970911e+02
1.657792468478413355e+02
1.663427759543312163e+02
1.672730624206767800e+02
1.684533546545298179e+02
1.690101569286757979e+02
1.697181325702348431e+02
1.703912711599665499e+02
1.706258374774422748e+02
1.712059292976954623e+02
1.715693845776660851e+02
1.718253726606653515e+02
1.721323205516096664e+02
1.724267913106211836e+02
1.726938797201386535e+02
1.729524744594263268e+02
1.731572207516602475e+02
1.735211723747339931e+02
1.738753621710815196e+02
1.741406870487075196e+02
1.744787395934197889e+02
1.748066506042299864e+02
1.750069120330267083e+02
1.753427973045314161e+02
1.756407250453582094e+02
1.759585206682405101e+02
1.762114456300201937e+02
1.764781780005758094e+02
1.767531431092567118e+02
1.771550246373789719e+02
1.775737685822960827e+02
1.779237005129451177e+02
1.782613407205396356e+02
1.787255158369285652e+02
1.791960964293966185e+02
1.797111247572016453e+02
1.801888844587630558e+02
1.806990786852721556e+02
1.811123912948296777e+02
1.815644809661028773e+02
1.818618836446446778e+02
1.822808890976617135e+02
1.825922276806684579e+02
1.828035423539826638e+02
1.830846646286460384e+02
1.834662195555055177e+02
1.838105735698406988e+02
1.840433758040344685e+02
1.843624611206568318e+02
1.845923678843507219e+02
1.848990123148217037e+02
1.852171041249444841e+02
